%YAML:1.0
---
K: !!opencv-matrix
   rows: 3
   cols: 3
   dt: d
   data: [ 4.7037065894439252e+02, 0., 2.2234102659334732e+02, 0.,
       4.7098247154545555e+02, 2.9000759043680358e+02, 0., 0., 1. ]
D: !!opencv-matrix
   rows: 1
   cols: 5
   dt: d
   data: [ 5.6630307651773140e-02, -1.6531605347817519e-02,
       4.0799642443529738e-03, -1.4177606799366103e-02,
       -3.8384288300672923e-03 ]
