%YAML:1.0
---
K: !!opencv-matrix
   rows: 3
   cols: 3
   dt: d
   data: [ 5.2930235183322714e+02, 0., 3.2648445453346642e+02, 0.,
       5.2984394397423705e+02, 2.4418868980195904e+02, 0., 0., 1. ]
D: !!opencv-matrix
   rows: 1
   cols: 5
   dt: d
   data: [ 1.7037363689217275e-01, -6.4117394333458144e-01,
       3.8748517438610616e-03, 2.1816173602471995e-03,
       8.3987659625140287e-01 ]
