%YAML:1.0
---
K: !!opencv-matrix
   rows: 3
   cols: 3
   dt: d
   data: [ 8.3833553822794431e+02, 0., 9.9937348019323679e+02, 0.,
       8.4038942925752133e+02, 5.1782997902228522e+02, 0., 0., 1. ]
D: !!opencv-matrix
   rows: 1
   cols: 5
   dt: d
   data: [ -4.4274961416752795e-01, 2.5074370127529738e-01,
       -1.9695484326446599e-03, -2.8517405647174843e-03,
       -7.9823004368101580e-02 ]
